%YAML:1.0
R: !!opencv-matrix
   rows: 3
   cols: 3
   dt: d
   data: [ 9.9999112402168311e-001, 1.4183454760980452e-003,
       -3.9673888089168784e-003, -1.4168273944566911e-003,
       9.9999892202350438e-001, 3.8542439401402214e-004,
       3.9679311971106239e-003, -3.7979986784650343e-004,
       9.9999205560548099e-001 ]
T: !!opencv-matrix
   rows: 3
   cols: 1
   dt: d
   data: [ -6.0214207074677532e+001, 1.9245604509534239e-001,
       2.7129068716920028e+000 ]
R1: !!opencv-matrix
   rows: 3
   cols: 3
   dt: d
   data: [ 9.9879857362539304e-001, -1.7589361600660537e-003,
       -4.8972599149577078e-002, 1.7673687548299170e-003,
       9.9999842989651799e-001, 1.2888825893560382e-004,
       4.8972295551309386e-002, -2.1528605076169587e-004,
       9.9880011409708569e-001 ]
R2: !!opencv-matrix
   rows: 3
   cols: 3
   dt: d
   data: [ 9.9898150687357523e-001, -3.1929346789840501e-003,
       -4.5008378028282718e-002, 3.1851849670185037e-003,
       9.9999489754192605e-001, -2.4389923890657272e-004,
       4.5008927129258941e-002, 1.0029082012265229e-004,
       9.9898657969985971e-001 ]
P1: !!opencv-matrix
   rows: 3
   cols: 4
   dt: d
   data: [ 7.5321437859094476e+002, 0., 4.2461325454711914e+002, 0., 0.,
       7.5321437859094476e+002, 2.1301458549499512e+002, 0., 0., 0., 1.,
       0. ]
P2: !!opencv-matrix
   rows: 3
   cols: 4
   dt: d
   data: [ 7.5321437859094476e+002, 0., 4.2461325454711914e+002,
       -4.5400446606905469e+004, 0., 7.5321437859094476e+002,
       2.1301458549499512e+002, 0., 0., 0., 1., 0. ]
Q: !!opencv-matrix
   rows: 4
   cols: 4
   dt: d
   data: [ 1., 0., 0., -4.2461325454711914e+002, 0., 1., 0.,
       -2.1301458549499512e+002, 0., 0., 0., 7.5321437859094476e+002, 0.,
       0., 1.6590461876125683e-002, 0. ]
