%YAML:1.0
R: !!opencv-matrix
   rows: 3
   cols: 3
   dt: d
   data: [ 9.9999447258447283e-001, 2.3277947238942794e-004,
       -3.3167173860919326e-003, -2.5080547057848069e-004,
       9.9998519604208724e-001, -5.4355122375151169e-003,
       3.3154030098765234e-003, 5.4363140440451731e-003,
       9.9997972709075289e-001 ]
T: !!opencv-matrix
   rows: 3
   cols: 1
   dt: d
   data: [ -6.0172249610582568e+001, -1.0820661802794840e-001,
       1.2824350413880941e+000 ]
R1: !!opencv-matrix
   rows: 3
   cols: 3
   dt: d
   data: [ 9.9969472405730475e-001, 1.9147333126068547e-003,
       -2.4633158310108046e-002, -1.9816753716322042e-003,
       9.9999440917018501e-001, -2.6934348133906710e-003,
       2.4627863380949595e-002, 2.7414274956875846e-003,
       9.9969292931408449e-001 ]
R2: !!opencv-matrix
   rows: 3
   cols: 3
   dt: d
   data: [ 9.9977134526421629e-001, 1.7978698947169560e-003,
       -2.1307858935636217e-002, -1.7399528850565160e-003,
       9.9999474250795206e-001, 2.7363333884054667e-003,
       2.1312666481158225e-002, -2.6986330421880861e-003,
       9.9976921718322898e-001 ]
P1: !!opencv-matrix
   rows: 3
   cols: 4
   dt: d
   data: [ 7.3890706572952752e+002, 0., 4.0114345169067383e+002, 0., 0.,
       7.3890706572952752e+002, 2.1543409729003906e+002, 0., 0., 0., 1.,
       0. ]
P2: !!opencv-matrix
   rows: 3
   cols: 4
   dt: d
   data: [ 7.3890706572952752e+002, 0., 4.0114345169067383e+002,
       -4.4471869101579512e+004, 0., 7.3890706572952752e+002,
       2.1543409729003906e+002, 0., 0., 0., 1., 0. ]
Q: !!opencv-matrix
   rows: 4
   cols: 4
   dt: d
   data: [ 1., 0., 0., -4.0114345169067383e+002, 0., 1., 0.,
       -2.1543409729003906e+002, 0., 0., 0., 7.3890706572952752e+002, 0.,
       0., 1.6615156517073033e-002, 0. ]
