%YAML:1.0
M1: !!opencv-matrix
   rows: 3
   cols: 3
   dt: d
   data: [ 7.2052380227371395e+002, 0., 3.8194955478771345e+002, 0.,
       7.2052380227371395e+002, 2.1157109178384084e+002, 0., 0., 1. ]
D1: !!opencv-matrix
   rows: 1
   cols: 14
   dt: d
   data: [ 7.2912923270886554e-002, -1.2166132565227340e-001,
       4.2874658947097461e-004, 6.7892214194463290e-004, 0., 0., 0., 0.,
       0., 0., 0., 0., 0., 0. ]
M2: !!opencv-matrix
   rows: 3
   cols: 3
   dt: d
   data: [ 7.2052380227371395e+002, 0., 3.7937355167168812e+002, 0.,
       7.2052380227371395e+002, 2.1474152299240831e+002, 0., 0., 1. ]
D2: !!opencv-matrix
   rows: 1
   cols: 14
   dt: d
   data: [ 5.6824778973350476e-002, -8.3996054143172683e-002,
       -2.0200981052382510e-003, 2.1376480856909585e-003, 0., 0., 0., 0.,
       0., 0., 0., 0., 0., 0. ]
