%YAML:1.0
M1: !!opencv-matrix
   rows: 3
   cols: 3
   dt: d
   data: [ 7.1831612603571057e+002, 0., 3.7874936875229946e+002, 0.,
       7.1831612603571057e+002, 2.1252154527043518e+002, 0., 0., 1. ]
D1: !!opencv-matrix
   rows: 1
   cols: 14
   dt: d
   data: [ 6.6588558860001756e-002, -1.0573928892445857e-001,
       -1.3763092771634140e-003, 3.1135024265114691e-003, 0., 0., 0., 0.,
       0., 0., 0., 0., 0., 0. ]
M2: !!opencv-matrix
   rows: 3
   cols: 3
   dt: d
   data: [ 7.1831612603571057e+002, 0., 3.7947144524964750e+002, 0.,
       7.1831612603571057e+002, 2.1910219539572128e+002, 0., 0., 1. ]
D2: !!opencv-matrix
   rows: 1
   cols: 14
   dt: d
   data: [ 6.4606707156574072e-002, -1.0936776020597827e-001,
       -8.2734292212556558e-004, 3.5436720092268920e-004, 0., 0., 0., 0.,
       0., 0., 0., 0., 0., 0. ]
